99
22
90
64
44
21
41
93
3
86
45
53
34
99
11
63
59
57
78
17
25
42
20
26
54
89
19
39
20
77
54
11
45
63
8
77
18
85
94
35
68
24
84
57
31
6
6
75
25
83
97
87
44
73
6
79
4
78
28
79
98
69
49
16
73
94
30
22
50
80
12
7
25
9
8
69
52
5
92
61
12
55
80
43
63
70
99
16
3
51
37
90
14
49
94
18
75
45
18
14
53
24
21
74
88
96
7
58
64
38
96
43
14
23
6
72
98
8
23
96
59
37
51
63
63
19
91
73
95
67
83
66
23
75
15
14
66
14
8
88
56
27
55
13
77
66
63
92
26
29
92
70
24
28
24
70
62
8
29
81
69
69
94
1
82
54
35
69
71
42
76
71
59
21
57
5
43
81
12
60
67
92
56
3
75
10
23
89
58
40
60
14
49
65
70
92
77
5
80
90
59
64
69
30
65
24
2
44
46
67
88
43
40
80
16
52
18
53
37
50
84
84
44
13
71
67
87
23
90
24
28
21
83
13
81
90
99
48
66
71
65
53
91
95
18
63
36
18
42
29
63
25
80
94
84
17
55
33
17
50
33
43
49
38
81
8
68
10
73
37
16
81
27
18
53
25
88
15
88
27
47
97
58
68
9
98
89
57
57
81
17
20
47
2
28
37
10
66
32
48
6
27
33
21
66
46
3
60
11
45
31
61
2
17
2
97
23
22
59
23
42
87
29
93
16
84
85
46
83
54
11
17
91
70
5
81
73
34
36
97
42
77
42
3
45
38
77
40
43
33
30
74
16
58
4
75
15
63
84
70
38
72
28
68
96
2
48
41
3
29
16
4
62
47
69
77
58
95
21
19
93
51
50
83
88
90
35
40
4
25
64
43
68
85
23
83
31
6
65
63
42
72
16
53
46
95
24
31
79
5
33
36
48
27
10
36
14
48
52
41
13
76
98
59
86
17
69
71
7
92
41
53
65
6
19
19
3
77
31
74
42
7
57
55
49
27
59
63
95
79
30
89
63
34
18
25
90
58
5
87
90
6
0
57
44
71
41
86
17
73
33
32
65
41
22
5
75
25
77
99
1
12
73
13
44
76
80
34
22
78
7
52
4
17
22
25
75
36
58
40
79
14
11
15
46
4
55
86
74
78
64
55
94
66
86
65
68
90
87
4
69
53
36
2
94
86
7
60
30
24
39
63
53
54
81
22
19
11
60
82
12
46
63
66
88
10
39
80
82
36
57
44
18
54
11
21
20
79
10
38
41
32
87
52
64
55
27
85
18
51
1
24
18
37
96
81
89
82
91
55
7
50
44
47
51
85
12
20
13
57
68
20
56
91
98
10
64
83
24
0
45
43
19
41
15
59
49
89
39
69
31
14
30
96
57
36
34
7
11
95
25
0
93
12
75
66
77
2
96
8
1
20
62
83
49
69
33
80
62
55
40
16
69
84
36
54
79
3
53
87
33
28
77
28
65
48
10
39
7
72
4
51
38
11
8
56
15
63
56
24
9
9
70
9
64
50
81
15
92
0
3
85
41
17
9
32
39
94
73
69
80
91
17
12
3
27
67
77
26
48
25
7
56
69
83
24
96
72
3
61
38
19
4
42
51
2
20
10
49
40
44
37
4
16
23
27
76
11
50
35
12
27
39
44
97
70
62
88
57
53
41
38
6
76
39
26
35
25
19
85
77
13
7
85
84
15
89
12
56
99
79
93
92
37
87
73
37
92
94
93
56
30
77
88
36
36
58
91
86
16
69
48
71
18
27
65
55
15
72
27
68
43
33
27
95
54
29
40
79
96
45
80
4
83
79
9
51
82
56
52
19
91
19
32
81
5
30
44
33
69
91
44
96
19
48
70
15
42
80
95
82
68
22
88
66
3
48
18
72
38
17
50
54
56
60
54
85
68
45
90
67
32
39
26
56
32
88
94
99
12
80
56
37
82
24
65
40
11
28
11
99
36
85
59
76
25
49
36
85
73
88
68
11
70
71
95
11
32
89
93
51
77
58
36
77
89
33
72
60
31
38
12
20
20
56
27
12
2
9
7
3
54
92
49
92
73
24
93
71
41
23
81
95
44
54
79
26
89
96
40
58
26
35
69
91
62
26
84
54
77
57
27
35
46
59
93
47
45
74
58
78
34
94
6
4
78
55
13
99
22
29
42
4
25
66
94
59
59
31
20
46
24
96
24
15
41
90
45
22
51
48
40
33
87
58
95
53
43
62
66
50
56
0
61
40
31
12
51
82
89
